,Obs
0,9.14803171381115
1,16.75252740516656
2,22.401837245838824
3,25.803300876329327
4,27.77412532396581
5,28.85627608017971
6,29.31691959994658
7,29.703097005251653
8,29.73340401354261
9,29.683853662480733
10,29.556511213549765
11,29.356536281773252
12,29.09197775562904
13,28.773453476379288
14,28.413727451636465
15,28.02720146259155
16,27.629341336833328
17,27.236060763039163
18,26.86308721619038
19,26.52533527488584
20,26.236312317374292
21,26.00758029185527
22,25.848295020879537
23,25.764841408443523
24,16.60335646897804
25,9.463580299822793
26,4.342582969835394
27,1.5118745101651276
28,0.1301911002762166
29,-0.3687102484078092
30,-0.2755969616357088
31,-0.16020968855479945
32,0.23928924083952083
33,0.6294939982841945
34,0.9948567465801499
35,1.3208199828957479
36,1.5943968845648948
37,1.804689037952398
38,1.9433209101165574
39,2.004773742203092
40,1.9866055532447426
41,1.8895484834616507
42,1.71747959624654
43,1.4772663028235165
44,1.1784925719694161
45,0.8330768399117463
46,0.4547968530910489
47,0.058740386770205696
48,0.5575194395095333
49,0.8809514926702866
50,1.044067605286529
51,1.0335811706947988
52,0.9431724681679661
53,0.837233142369475
54,0.7504204574149982
55,0.7416718565366425
56,0.785342480027609
57,0.906930173692639
58,1.1016756457073171
59,1.3618963182911616
60,1.6772931427616318
61,2.0353616851671843
62,2.4218910962668403
63,2.8215310758865217
64,3.2184042308808722
65,3.5967394161380017
66,3.9415008114382424
67,4.238987656872004
68,4.4773807391662155
69,4.647213844034804
70,4.7417513809298315
71,4.757257127075652
72,3.7859135941876545
73,2.929854816837765
74,2.194770172849408
75,1.6166818020183242
76,1.1241510868198519
77,0.6752841851022011
78,0.2572159309950815
79,-0.16945183733980337
80,-0.5613075071195377
81,-0.9302114819626612
82,-1.2614515610065746
83,-1.5418172296087
84,-1.7601263271743177
85,-1.907670850271282
86,-1.978564118301084
87,-1.969975461358103
88,-1.8822430740428753
89,-1.7188605361329226
90,-1.4863375375171528
91,-1.193940359877784
92,-0.853322461321611
93,-0.47805989140999544
94,-0.08311005814766109
95,0.31578457579522223
96,2.515935478575396
97,4.305119661639219
98,5.668700662341448
99,6.538784433359847
100,7.069419655492239
101,7.362413344798408
102,7.467605396918392
103,7.492922246169248
104,7.384698200191359
105,7.202254264679321
106,6.952950929385985
107,6.646807041851546
108,6.296100983765444
109,5.914881718604952
110,5.518409207135986
111,5.1225465030223045
112,4.743127766935668
113,4.395327397404867
114,4.093055431920259
115,3.848403324306544
116,3.6711621958514806
117,3.568432768205351
118,3.5443425308401184
119,3.5998814206003313
120,1.9089661631442536
121,0.6769806512965328
122,-0.1041944033231943
123,-0.38996545251297865
124,-0.35894277988629786
125,-0.13609576958949174
126,0.2078281703421304
127,0.5463865838595868
128,0.9191511945813523
129,1.2559977824136839
130,1.543499484254988
131,1.7701965617736564
132,1.9270532586991733
133,2.0078180221956403
134,2.0092727273977875
135,1.9313609692845093
136,1.7771903072697564
137,1.5529083729992494
138,1.2674577805184786
139,0.9322196097455739
140,0.5605596764142423
141,0.1672956772497932
142,-0.23189354640320153
143,-0.6210930757273924
144,1.745050536081933
145,3.5731857704509
146,4.875909082030221
147,5.581011226488398
148,5.944624387004769
149,6.13740849747038
150,6.244294979647676
151,6.429801375443522
152,6.607205386530736
153,6.852215878096848
154,7.155150750452375
155,7.5040114455609555
156,7.8849619061495355
157,8.282880739025824
158,8.681964573621535
159,9.066358565504089
160,9.420788912146163
161,9.731172167765054
162,9.985177068751915
163,10.172716474238468
164,10.286349812226296
165,10.32157998936777
166,10.277032929704598
167,10.154512586712164
168,7.218360135268908
169,4.798175599555777
170,2.9044150007644216
171,1.6327626559632535
172,0.7483952865511116
173,0.10063537081611222
174,-0.3776577282055674
175,-0.8368119300325356
176,-1.178783957440477
177,-1.4729829528849396
178,-1.707679202231056
179,-1.8735152522888812
180,-1.963878969719322
181,-1.975167152098385
182,-1.9069291818290335
183,-1.7618849959014753
184,-1.5458166551322008
185,-1.2673378357006357
186,-0.9375504326541887
187,-0.5696019655406825
188,-0.17816143103248835
189,0.22116550133307397
190,0.6124586359753993
191,0.9801179376026953
192,4.955966972092073
193,8.107943870607729
194,10.424657144675683
195,11.786734067373041
196,12.519625950849369
197,12.841468081678569
198,12.863145235693567
199,12.809232995470243
200,12.575883913036789
201,12.28295889169398
202,11.942221250263522
203,11.567333205146223
204,11.173311824647449
205,10.77593091706776
206,10.39109270164658
207,10.034194315790485
208,9.7195144175808
209,9.459644341140377
210,9.264986485996216
211,9.143339940924623
212,9.099589864775417
213,9.135513010098663
214,9.24970714495537
215,9.437647188683988
216,6.034627215046347
217,3.4634292789682375
218,1.7117364915525493
219,0.8763058228235668
220,0.609407537743255
221,0.6735468647898744
222,0.9421014167726769
223,1.1783052243090566
224,1.479149856336883
225,1.7218208129116273
226,1.8966440902872617
227,1.996650492953731
228,2.0178534664796026
229,1.9594080224738606
230,1.8236444197997403
231,1.615975259247737
232,1.3446796954820581
233,1.0205733690224514
234,0.6565772170061909
235,0.26720235285957356
236,-0.13202844892239518
237,-0.5251995993348253
238,-0.8966372013224362
239,-1.2315339203901416
240,3.046593977001339
241,6.419087564655953
242,8.894554949413921
243,10.340556472514793
244,11.174709994618555
245,11.673312330485253
246,11.971300647663258
247,12.3388967877677
248,12.628779211149416
249,12.967726472381369
250,13.342311126338942
251,13.737677704611558
252,14.138135585736869
253,14.527785106878436
254,14.89115196024239
255,15.213804586903672
256,15.482929958234665
257,15.68784479378996
258,15.820421838171526
259,15.875414205474597
260,15.85066486340339
261,15.74719290804627
262,15.569153192066619
263,15.32367091787906
264,10.446650999220171
265,6.494207427011322
266,3.480296281330952
267,1.5587319849892418
268,0.3295703321042717
269,-0.4685213309701032
270,-0.9588911743890113
271,-1.4047124481090567
272,-1.655133117341664
273,-1.8387684285416326
274,-1.9482970249592033
275,-1.9793520122493062
276,-1.930695059832892
277,-1.8042657756853013
278,-1.6051043861650212
279,-1.3411508034233586
280,-1.0229280909711305
281,-0.6631229466583535
282,-0.27607992791217484
283,0.12277041709856683
284,0.5175267137425166
285,0.8924506959678618
286,1.2325946390955045
287,1.5243972765773794
288,7.236013826311852
289,11.717084664042108
290,14.960813991003494
291,16.797396474066115
292,17.72439195633805
293,18.076594999666874
294,18.025878833456023
295,17.913029363780478
296,17.583208969159358
297,17.215679288680352
298,16.825177964800496
299,16.427351150085023
300,16.038130378043352
301,15.673098002638227
302,15.346866508879232
303,15.072496443562319
304,14.860976175224428
305,14.72078422714148
306,14.657551634988566
307,14.673837792851973
308,14.769028726618055
309,14.939361852748082
310,15.178076237668556
311,15.47568236950362
312,10.329766291101743
313,6.381729644597841
314,3.6165600170379353
315,2.184892189717498
316,1.5717363100375408
317,1.4290013761384386
318,1.5761121215169078
319,1.6678178881779275
320,1.8602115579875305
321,1.9792464285507774
322,2.0201773145916846
323,1.9813727296025578
324,1.864379920974936
325,1.6738631796500905
326,1.4174178836581102
327,1.1052676890136808
328,0.7498569399840208
329,0.36535454801839296
330,-0.03291088190465129
331,-0.42906215780747936
332,-0.8073064772554032
333,-1.1525650391560585
334,-1.451074190202407
335,-1.6909341401681934
336,4.533864868987489
337,9.477948450262469
338,13.144853867284496
339,15.341167784858381
340,16.64562237616716
341,17.440163451743935
342,17.910129349602695
343,18.43221054379025
344,18.799586715068667
345,19.191502069763164
346,19.592417662094956
347,19.986428420370892
348,20.357897868450838
349,20.692082084623788
350,20.975718027176548
351,21.197552776163317
352,21.348792596029845
353,21.4234539199235
354,21.418602266304017
355,21.334469565987952
356,21.174445224906176
357,20.944941281384946
358,20.65513703600614
359,20.316613336957666
360,13.535649396690665
361,8.093398333189977
362,4.005624588657319
363,1.4824279268975884
364,-0.04318064982091774
365,-0.9451156234694467
366,-1.4047854019778663
367,-1.7999132397763677
368,-1.9283273627695283
369,-1.9790626883692493
370,-1.9500962107853497
371,-1.8425824439686682
372,-1.6608074018776033
373,-1.4120177351122027
374,-1.1061318357293652
375,-0.7553444276079881
376,-0.3736404061260436
377,0.02376269114543644
378,0.42102135577177524
379,0.8022977357115197
380,1.1523910374911812
381,1.457343531263536
382,1.7049969992180023
383,1.8854774434802575
384,9.304697653505547
385,15.095107134104868
386,19.25529492947695
387,21.565444885833166
388,22.69526487048977
389,23.095862347168794
390,22.999380749115478
391,22.861755658064226
392,22.475797073623998
393,22.078559927790533
394,21.685966371228538
395,21.31374610065818
396,20.976809904119804
397,20.68865579867294
398,20.460831440552898
399,20.302474244030865
400,20.21994754687808
401,20.21658733094055
402,20.29256959855416
403,20.444903695090584
404,20.667551846600286
405,20.951670149490717
406,21.28596140705746
407,21.6571257485098
408,14.726482227780064
409,9.355718288336577
410,5.528955664197785
411,3.4526253689573023
412,2.446408326779048
413,2.053483486210962
414,2.0410497754374157
415,1.9568910476853236
416,2.017452095533643
417,1.9983863618062163
418,1.9004542822421497
419,1.7275603846209662
420,1.4865976204650968
421,1.1871725583274595
422,0.841222394310151
423,0.46253904836707216
424,0.06621931914096076
425,-0.33193698210007694
426,-0.7160569239521333
427,-1.0708272619896098
428,-1.3821049325049504
429,-1.6374808944378965
430,-1.8267748409172715
431,-1.942441057848569
432,6.249901620823348
433,12.777320709720776
434,17.637815261242302
435,20.576912955223886
436,22.334761668110456
437,23.39963097334473
438,24.008281736630153
439,24.64520084451585
440,25.045649518715297
441,25.443108792069307
442,25.82181883962066
443,26.166759969280157
444,26.464252049897542
445,26.702500480130848
446,26.87206693670717
447,26.966246139096356
448,26.98133361409885
449,26.91677378901494
450,26.775182512686822
451,26.562243109595087
452,26.28648011377638
453,25.958919705616537
454,25.592650391158518
455,25.20230144038497
456,16.562884016857712
457,9.678775926376264
458,4.565638423495625
459,1.487923171077699
460,-0.2902817593910185
461,-1.2572207556192914
462,-1.6539107859180335
463,-1.9739119022755678
464,-1.9647066456777729
465,-1.8763719702204027
466,-1.7124291567206136
467,-1.4794138041378013
468,-1.186615282964355
469,-0.8457064038260231
470,-0.47027806526695093
471,-0.07529743287248614
472,0.3234887495534048
473,0.7101819286289793
474,1.0693655626735743
475,1.3867197271451581
476,1.6495920018341867
477,1.8475018803197878
478,1.9725585924534326
479,2.0197756825853435
480,1.9872698022723543
481,1.8763357922103001
482,1.6913950600927157
483,1.4398193123901983
484,1.1316366672911689
485,0.7791318651377968
486,0.39635651468960026
487,-0.0014310998638525328
488,-0.3983743180287414
489,-0.778650257318422
490,-1.1271006207654743
491,-1.429836009342409
492,-1.6747896472732078
493,-1.8521984449663258
494,-1.9549922211188797
495,-1.9790755669450537
496,-1.923491115501424
497,-1.7904577070855219
498,14.88873330230042
499,28.138951799519113
500,37.94900281755585
501,43.80639663740911
502,47.193873082070674
503,49.094104887833474
504,49.990253174584126
505,50.864969725664615
506,51.20421477253903
507,51.49376147226992
508,51.72219146094632
509,51.88051211307669
510,51.96251599588664
511,51.96502920477654
512,51.88803868656424
513,51.734693480935945
514,51.51117983647834
515,51.2264751853975
516,50.891990790100465
517,50.52111731270335
518,50.12869142830453
519,49.73040475024829
520,49.3421786351231
521,48.97952979520996
522,32.16703035305872
523,18.90517812291619
524,9.204804898614896
525,3.573888756877882
526,0.5187590159062772
527,-0.9576662872846715
528,-1.3559639007298967
529,-1.679551958023956
530,-1.4357554687004848
531,-1.1339820244207475
532,-0.7862619299030983
533,-0.4064572613434963
534,-0.009709238271350971
535,0.3881654006914867
536,0.7713049535419724
537,1.1244351037785045
538,1.4334778526699066
539,1.6861127586734532
540,1.8722681091289022
541,1.9845224427364712
542,2.01840041535836
543,1.9725512138832473
544,1.8488024053320864
545,1.6520870743884675
546,1.3902471541282637
547,1.0737207905107364
548,0.7151262044020896
549,0.3287586412198885
550,-0.06997953678961233
551,-0.4651928952370669
552,-0.841126629231336
553,-1.1827946583082551
554,-1.4765770744998705
555,-1.7107631251895878
556,-1.876018083755075
557,-1.9657553953530147
558,-1.9763992615808839
559,-1.907527195606421
560,-1.7618868645535846
561,-1.5452865477036646
562,-1.2663635776082678
563,-0.9362399956467121
564,-0.5680791499638937
565,-0.17656091283941316
566,0.2227035610760491
567,0.613794203905914
568,0.981116719172572
569,1.3100242790211791
570,1.5874014489281845
571,1.802187060652665
572,1.9458151881288668
573,2.012556645976557
574,1.999747396155253
575,1.9078947569040836
576,1.7406571797467558
577,1.504698400783468
578,1.2094217807927927
579,0.8665954251606636
580,0.4898830289179718
581,0.09429915061017931
582,-0.3043893684926811
583,-0.6902919763220933
584,-1.0480279138975865
585,-1.363339395375606
586,-1.6236600187106482
587,-1.8186157461916497
588,-1.940438482343293
589,-1.98427576114882
590,-1.948384196344154
591,2.7171337738460393
592,6.493012407560567
593,9.37114671684129
594,11.202923220898354
595,12.389152689446425
596,13.191218493914622
597,13.731557373360117
598,14.270032202734432
599,14.652944182259843
600,15.003060177833119
601,15.306588081541369
602,15.551579045917368
603,15.728405051665185
604,15.830143851493721
605,15.852855951308397
606,15.795742593620046
607,15.661178451595939
608,15.454617736592976
609,15.184377468165419
610,14.861306552257032
611,9.927018494994252
612,5.9367142344918165
613,2.906034153235074
614,0.9895215042672306
615,-0.21262717365291406
616,-0.9626021278673932
617,-1.3855564768460311
618,-1.7471757032316064
619,-1.9000380107360428
620,-1.9765621292941649
621,-1.9736962135612603
622,-1.891553418647348
623,-1.7334074010502336
624,-1.5055618195648115
625,-1.2170990387938452
626,-0.8795180536944609
627,-0.5062760700010918
628,-0.1122520163001041
629,5.767033717133651
630,10.47403865359359
631,13.992983038473216
632,16.14309572823375
633,17.40948733388812
634,18.113453463843765
635,18.412859379104667
636,18.634558412571227
637,18.61036309961308
638,18.50736324079734
639,18.329750078215216
640,18.08468241229282
641,17.782001813061274
642,17.4338408256271
643,17.054139793804175
644,16.65809156862808
645,10.772348681962024
646,6.0660854678657365
647,2.554613975811809
648,0.4183561434168406
649,-0.829401726478324
650,-1.5113310083748794
651,-1.7864481994316268
652,-1.983074848075507
653,-1.9336611974806182
654,-1.8065059914262545
655,-1.6066763538119755
656,-1.3421367722366992
657,-1.0234315870477666
658,-0.6632646291417496
659,-0.2759927650633997
660,0.12294645980603386
661,0.5176502618826997
662,0.8923846081302693
663,1.2322114777684878
664,1.523584389969357
665,1.7548884557044353
666,1.9169034235574642
667,2.0031712593025635
668,2.010253604988503
669,1.937868853426289
670,1.7889033733321806
671,1.5692964375954683
672,1.2878034421990718
673,0.955646855489479
674,0.5860688133292141
675,0.1938031967357965
676,-0.20551176141145655
677,-0.5959569230937611
678,-0.9619668904659059
679,-1.288950548468541
680,-1.5638727656759444
681,-1.7757740628163083
682,-1.9162075314314087
683,-1.9795755841196863
684,-1.9633531112042293
685,-1.8681881472837034
686,-1.6978760344188069
687,-1.4592081119958755
688,-1.1617009655346242
689,-0.8172170284437082
690,-0.439491662144057
691,-0.04358556838966689
692,0.3547156356128641
693,0.7395307422341871
694,1.095516089392375
695,1.4084772663225518
696,1.6659350023628843
697,1.8576226785497947
698,1.9758956278003987
699,2.0160359061705084
700,1.9764403849146133
701,1.8586846647069402
702,1.667460263960706
703,1.4103875853453816
704,1.097712116932406
705,0.7418959794682761
706,0.35712110349190274
707,-0.04127615694538079
708,-0.4374164337935892
709,-0.8155104027870971
710,-1.1604882514819386
711,-1.4586004626471414
712,-1.6979659616729719
713,-1.8690457750914118
714,-1.9650233169404148
715,-1.9820761421557012
716,-1.9195283330422355
717,-1.779877443658583
718,-1.5686949279283202
719,-1.2944040210962178
720,-0.9679439296963703
721,-0.6023337177186544
722,-0.21215327545752782
723,0.1870379368221745
724,0.5793211975466348
725,0.9490531550707901
726,1.2814894807487778
727,1.5633726807553667
728,1.78346063245629
729,1.9329747742502306
730,2.005950080966719
731,1.9994728724059625
732,1.9137969743437504
733,1.752333601029158
734,1.5215153625275155
735,1.2305398185072562
736,0.8910028021712945
737,0.5164361325514618
738,0.12176814511798843
739,-0.2772714523542438
740,-0.6647786721425484
741,-1.025309286964385
742,-1.3444945412052836
743,-1.6096139865233905
744,-1.8101026046827682
745,-1.9379720002270289
746,-1.9881288713712602
747,-1.958578062681491
748,-1.8505021044722534
749,-1.668214067936697
750,-1.418985615526266
751,-1.1127571016677587
752,-0.7617412811873219
753,-0.3799364243353863
754,0.017431751021146663
755,0.41451708163626944
756,8.09141174271618
757,14.19190484962105
758,18.70130285692344
759,21.385691509384383
760,22.89778057915819
761,23.672161490977057
762,23.925492160912793
763,24.098749148518145
764,23.97298457113957
765,23.774441303700517
766,23.511239773906134
767,23.194060805366277
768,22.835721302933656
769,22.450664653392998
770,22.054386167685035
771,21.662816479807713
772,21.291687492986664
773,13.63695557454086
774,7.583013190113945
775,3.141556932852926
776,0.5436412762873022
777,-0.8695979936369491
778,-1.5383312907651847
779,-1.6841446612215518
780,-1.7535977578762487
781,-1.5309727762024188
782,-1.2469109752199896
783,-0.9127347039637754
784,-0.541764143905218
785,-0.14878629026274465
